0 2 12 56 65 107 
1 0 4 
2 4 35 40 48 106 
3 4 12 13 
4 4 107 113 
5 4 12 35 48 171 
6 12 43 
7 12 14 19 35 70 108 121 
8 4 7 10 35 40 267 
9 4 35 107 
10 0 4 7 35 107 
11 4 7 12 48 224 716 
12 4 7 108 
13 4 14 41 44 56 67 70 
14 0 12 24 125 
15 4 56 67 72 99 
16 0 4 22 65 
17 4 48 677 
18 13 409 
19 2 4 12 24 35 40 48 
20 45 
21 4 12 90 113 
22 4 12 56 224 
23 4 12 
24 4 13 14 40 48 72 
25 4 12 41 56 99 171 
26 4 41 
27 4 6 12 
28 12 41 67 
29 4 72 
30 7 12 41 75 
31 2 4 10 40 308 
32 12 13 48 967 
33 4 12 45 106 
34 0 35 65 165 412 
35 13 41 45 107 
36 0 4 35 41 48 
37 41 87 224 581 
38 0 4 82 
39 4 12 22 35 
40 4 12 35 65 
41 4 35 
42 4 
43 4 12 108 
44 4 48 165 865 
45 4 31 48 
46 0 4 45 
47 4 12 40 48 108 
48 107 497 
49 307 
50 0 2 4 12 35 65 78 108 243 
51 0 4 14 35 40 45 48 108 
52 0 4 11 35 
53 0 4 13 38 43 
54 4 12 14 22 
55 12 65 
56 4 14 35 45 56 85 99 
57 35 107 108 
58 0 12 41 
59 2 4 12 45 48 967 
60 4 12 56 602 
61 4 7 35 56 
62 4 12 14 
63 4 12 35 48 519 
64 0 12 35 40 41 
65 0 4 12 48 
66 0 12 13 14 22 35 40 101 
67 0 4 24 40 41 48 
68 4 7 12 41 
69 0 12 14 40 
70 4 11 12 70 
71 6 13 14 41 120 
72 4 48 308 
73 4 12 519 
74 4 21 35 171 
75 4 12 13 45 
76 0 4 12 14 41 
77 12 14 19 
78 0 4 35 48 56 65 75 
79 4 12 48 
80 2 12 
81 4 11 41 48 
82 4 12 45 48 
83 4 7 40 
84 4 14 
85 0 35 40 107 
86 14 108 
87 4 12 48 107 
88 4 12 40 45 67 70 121 
89 12 48 72 107 
90 4 12 41 165 
91 4 7 12 40 55 56 107 121 184 243 
92 56 
93 0 12 1089 
94 4 48 
95 0 4 12 38 107 
96 4 12 49 72 256 
97 0 4 65 70 171 
98 4 10 35 99 126 278 
99 0 4 65 107 
100 21 35 
101 4 40 41 48 
102 0 12 
103 4 
104 4 48 65 106 308 
105 4 40 45 48 
106 0 4 10 
107 0 40 108 
108 4 48 107 365 
109 4 12 35 107 
110 4 13 42 56 
111 4 35 40 48 
112 0 4 7 45 55 56 
113 4 12 48 107 
114 48 
115 4 12 13 35 
116 4 40 62 634 
117 4 12 35 113 
118 0 4 6 48 107 
119 0 107 1184 
120 35 45 66 
121 0 12 35 40 48 70 107 
122 4 939 
123 4 13 
124 48 56 
125 0 4 14 
126 0 4 40 44 107 
127 4 12 42 
128 4 48 
129 0 4 7 12 40 41 67 
130 4 12 40 
131 4 35 65 108 
132 4 12 65 675 
133 4 87 108 
134 4 20 
135 0 4 12 40 121 
136 4 12 35 
137 4 12 56 
138 4 12 
139 4 171 
140 12 14 35 55 243 
141 4 10 41 56 72 
142 0 4 12 20 40 77 
143 4 40 42 
144 12 14 
145 12 14 75 
146 4 6 12 35 70 107 267 
147 0 4 12 60 75 
148 4 6 12 70 113 
149 4 40 82 
150 12 40 
151 4 7 12 70 
152 7 12 35 107 108 146 
153 4 6 35 107 280 
154 4 12 107 108 126 
155 0 4 10 45 107 113 
156 4 12 40 42 48 56 107 108 
157 4 12 
158 12 45 56 
159 4 6 12 
160 10 12 107 246 
161 7 12 35 45 48 108 
162 0 6 12 13 48 
163 4 6 12 41 56 775 
164 4 12 35 40 72 113 243 
165 4 11 13 48 
166 4 35 48 
167 12 41 
168 4 43 45 
169 0 4 
170 4 35 519 
171 7 14 48 482 
172 0 4 
173 12 48 56 
174 0 4 6 
175 4 40 48 
176 4 13 40 41 
177 11 40 56 
178 4 14 40 48 417 
179 0 4 6 12 605 
180 4 48 
181 40 41 107 269 
182 14 35 48 107 
183 41 101 171 
184 6 12 35 41 48 
185 0 35 48 108 212 269 
186 4 12 13 41 
187 2 4 12 13 40 107 176 267 
188 0 
189 4 12 48 224 
190 4 35 224 316 
191 14 48 
192 4 13 55 70 
193 4 6 10 12 14 
194 0 4 48 540 
195 12 
196 13 41 49 56 224 
197 4 7 
198 4 12 41 
199 4 25 35 41 48 308 
200 4 12 45 107 
201 0 4 
202 0 4 12 20 41 48 126 
203 13 40 
204 41 56 70 108 
205 0 12 224 329 
206 4 12 114 
207 4 14 35 48 106 
208 4 12 
209 4 70 
210 4 12 22 35 103 107 
211 4 12 41 48 95 106 
212 45 107 
213 4 48 
214 0 4 7 12 70 107 243 519 
215 0 4 10 40 41 
216 4 38 45 48 
217 4 48 
218 12 35 126 
219 35 72 87 
220 35 45 48 
221 4 56 
222 12 40 41 48 70 72 263 
223 4 42 
224 4 44 48 366 
225 12 41 45 
226 0 4 7 14 48 
227 0 4 12 35 48 70 
228 4 45 48 107 
229 4 12 14 107 
230 14 67 396 
231 4 7 
232 4 48 121 
233 4 12 13 14 107 
234 0 4 10 48 75 
235 12 108 244 269 
236 4 122 126 
237 12 41 48 
238 4 12 48 107 
239 0 6 11 12 35 
240 4 21 25 267 
241 4 14 35 41 239 
242 12 35 40 70 108 121 
243 4 14 35 48 
244 4 13 14 35 56 67 290 
245 4 12 35 56 65 67 107 
246 41 48 75 107 
247 4 6 42 67 72 
248 48 
249 0 12 40 41 56 126 
250 0 4 35 41 113 
251 0 15 40 41 113 
252 4 14 35 40 113 
253 4 14 
254 4 13 
255 4 31 107 
256 4 12 48 
257 35 41 87 
258 0 12 48 173 
259 4 12 13 14 35 65 605 
260 12 14 56 
261 0 4 22 87 
262 0 12 56 
263 4 12 
264 35 
265 12 48 
266 4 12 1184 
267 4 12 35 48 
268 0 35 42 
269 4 12 45 75 333 
270 6 12 35 99 108 126 
271 12 41 56 107 
272 4 7 56 
273 4 12 35 40 56 70 
274 4 14 48 519 
275 0 2 12 40 70 308 
276 13 35 
277 35 48 108 243 
278 4 7 12 13 113 519 
279 10 12 38 
280 0 4 14 40 
281 4 12 35 48 
282 4 35 48 243 
283 4 72 107 121 
284 12 48 
285 4 14 40 56 267 
286 0 4 10 48 
287 0 4 40 
288 41 48 67 
289 4 48 56 107 
290 4 35 
291 4 12 45 48 
292 0 4 12 35 45 107 
293 12 45 48 107 267 
294 4 56 
295 4 12 35 45 48 107 
296 0 4 6 14 35 40 56 70 243 
297 4 90 
298 4 
299 4 12 41 
300 4 35 40 41 
301 4 7 35 
302 4 13 48 
303 2 
304 45 48 107 
305 24 48 70 
306 4 14 75 
307 4 12 246 
308 4 12 40 41 48 65 
309 4 12 35 41 171 
310 0 4 12 14 40 48 
311 4 12 21 25 55 91 
312 0 4 12 35 40 48 
313 4 12 35 48 
314 45 48 108 
315 4 7 35 45 56 72 108 
316 4 13 35 41 
317 4 6 12 
318 0 12 13 35 48 67 99 316 373 
319 4 12 48 341 
320 0 4 12 
321 48 
322 7 13 35 41 48 67 70 
323 13 19 56 108 244 
324 4 12 13 82 108 
325 14 35 40 48 294 412 
326 4 19 48 
327 4 35 48 
328 4 14 56 
329 4 35 
330 4 12 48 99 269 
331 0 4 7 67 
332 0 11 12 
333 0 4 35 
334 0 4 12 41 
335 41 
336 4 10 12 72 107 
337 4 49 56 107 
338 4 12 
339 6 12 13 41 45 75 222 
340 4 12 48 107 119 
341 4 12 35 48 72 
342 7 12 48 154 
343 4 12 
344 4 7 45 113 
345 4 
346 0 4 12 35 
347 4 43 267 
348 4 12 48 108 
349 4 12 13 48 
350 4 35 56 65 107 
351 67 519 
352 4 75 218 
353 4 7 12 48 
354 4 10 12 13 14 40 56 108 
355 4 12 13 269 
356 12 48 107 
357 0 4 35 
358 4 35 67 
359 0 12 35 
360 0 4 
361 0 4 35 40 45 48 
362 4 56 113 
363 0 12 35 48 56 
364 19 35 72 269 
365 4 56 
366 45 126 
367 4 40 
368 4 24 56 75 
369 4 7 30 31 35 40 
370 0 4 48 269 294 
371 4 48 107 
372 0 4 35 48 65 
373 4 12 106 
374 0 12 35 48 
375 4 35 48 337 
376 4 35 43 107 
377 4 14 45 
378 4 13 35 108 
379 0 4 12 13 35 48 65 103 
381 4 14 40 48 56 107 
382 0 12 35 
383 4 12 20 40 48 56 337 
384 4 107 108 
385 4 108 
386 4 12 13 40 41 107 
387 0 4 10 12 48 113 
388 0 4 35 
389 4 41 48 70 
390 4 12 42 48 70 
391 7 48 65 70 
392 4 12 35 
393 35 
394 4 12 48 
395 4 19 48 70 
396 0 12 14 56 107 224 
397 0 4 19 
398 41 67 
399 13 48 107 126 
400 126 
401 0 2 12 20 45 
402 4 519 
403 4 12 13 
404 4 
405 4 67 
406 7 12 42 44 48 
407 4 12 67 108 243 
408 4 12 
409 12 14 65 
410 4 12 107 171 
411 0 4 12 45 48 108 
412 4 12 
413 0 4 48 
414 0 4 12 
415 2 35 108 
416 4 12 35 
417 12 48 60 107 
418 0 4 6 12 48 
419 0 10 11 12 21 171 
420 0 4 12 
421 0 4 243 605 
422 7 35 269 
423 4 48 
424 4 24 48 65 
425 0 10 
426 0 12 13 14 48 
427 12 41 
428 4 19 65 75 99 316 
429 4 7 35 40 107 108 176 
430 0 12 22 48 70 
431 0 4 22 48 108 
432 4 
433 0 12 44 
434 4 12 70 107 171 307 
435 40 48 
436 12 13 35 67 
437 4 12 108 
438 0 4 40 56 136 
439 12 25 79 108 
440 0 4 8 12 
441 4 40 56 107 263 
442 4 13 35 107 
443 4 12 38 40 
444 0 4 12 
445 4 12 35 
446 0 4 14 48 56 354 
447 4 44 48 113 482 
448 4 
449 35 40 
450 12 35 
451 4 6 7 41 75 519 
452 0 4 12 35 
453 0 4 246 
454 12 40 45 48 519 
455 0 4 35 
456 4 12 65 107 
457 4 10 35 40 56 
458 4 12 
459 4 
460 0 4 12 129 171 
461 4 12 113 291 
462 4 12 48 56 108 
463 41 
464 40 107 
465 0 4 12 19 35 
466 0 12 13 
467 2 40 70 719 
468 12 13 14 519 
469 4 13 14 24 45 99 108 
470 4 14 48 171 
471 0 4 12 40 56 
472 40 113 
473 0 4 
475 4 38 40 333 
476 4 35 99 
477 0 4 12 40 42 48 107 
478 4 12 21 45 48 101 365 
479 0 4 273 
480 4 87 108 
481 4 12 48 
482 85 
483 4 35 45 278 
484 4 35 41 79 103 
485 12 48 108 
486 4 107 
487 0 4 40 41 45 48 138 
488 0 4 12 35 40 126 800 
489 13 48 675 
490 0 4 12 35 41 56 173 
491 0 4 48 
492 0 12 40 48 171 
493 0 4 6 12 44 45 70 107 
494 0 
495 4 12 48 
496 4 12 
497 4 12 48 
498 4 12 107 108 
499 0 4 107 
500 4 7 
501 0 4 40 48 107 
502 4 12 19 20 48 126 
503 0 4 12 48 65 
504 13 35 40 70 412 
505 4 48 65 
507 12 48 
508 0 4 10 40 48 307 
509 4 14 48 113 
510 4 67 
511 14 35 48 65 
512 4 7 24 40 48 
513 4 13 41 65 
514 4 
515 4 25 35 40 224 
516 4 45 1216 
517 0 14 35 44 56 
518 48 108 269 
519 4 35 48 56 
520 12 41 365 
521 4 12 41 48 108 
522 12 14 40 42 
523 4 43 72 108 
524 12 35 48 99 
525 4 12 
526 4 6 12 14 40 44 48 121 
527 4 48 60 244 
528 4 48 
529 4 40 48 
530 12 48 
531 4 10 12 42 56 
532 0 4 12 48 278 
533 4 48 107 
534 11 171 192 246 
535 4 12 43 107 
536 6 12 107 
537 4 14 45 108 113 263 
538 4 12 13 35 55 229 
539 4 12 35 48 
540 4 12 
541 4 40 48 108 388 
542 4 12 14 41 48 
543 4 12 35 192 
544 4 7 12 13 
545 4 48 56 
546 4 
547 12 38 
548 4 14 35 48 70 95 108 201 
549 12 48 
550 0 13 41 126 
551 12 45 
552 7 12 14 35 41 48 531 
553 0 4 35 108 171 
554 0 48 108 
555 0 4 6 10 14 35 48 107 
556 2 4 19 48 
557 0 4 35 45 48 
558 0 2 4 6 12 35 
559 4 
560 4 35 
562 4 12 48 
563 4 12 35 48 
564 0 56 
565 12 
566 4 40 43 51 354 
567 4 
568 4 
569 0 4 12 38 40 65 
570 7 218 243 
571 4 12 41 48 
572 4 48 
573 4 12 35 38 48 
574 4 41 108 
575 0 4 12 14 48 53 65 
576 0 4 35 48 70 75 
577 568 
578 45 171 243 
579 48 224 355 
580 4 7 10 35 108 113 
581 12 56 82 
582 4 12 35 48 72 243 
583 4 10 12 41 56 113 451 
584 12 13 45 108 
585 4 12 35 
586 0 4 12 56 
587 0 4 12 35 
588 48 56 108 
589 4 12 48 
590 4 41 70 
591 0 10 35 267 269 341 
592 2 4 19 35 40 67 
593 4 12 48 
594 4 12 13 41 48 244 
595 0 12 14 22 
596 4 11 12 44 48 70 108 
597 0 4 13 14 107 
598 4 10 12 65 108 113 
599 0 12 41 70 
600 0 4 12 
601 4 12 41 48 55 171 
602 35 41 114 
603 4 7 12 72 
604 12 
605 4 40 48 56 224 
606 12 
607 4 12 13 126 
608 0 4 8 14 35 45 72 
609 0 4 12 13 
610 12 13 14 40 45 107 
611 4 12 35 
612 0 12 35 65 
613 2 4 7 12 35 67 108 
614 4 
615 0 4 12 40 107 108 
616 4 35 48 62 
617 4 7 12 35 192 
618 12 107 
619 4 40 
620 12 56 
621 4 
622 13 67 278 
623 13 75 
624 12 35 67 308 
625 4 12 35 56 65 85 
626 4 281 
627 0 4 12 35 48 108 308 
628 0 4 41 43 
629 4 12 53 107 
630 4 171 207 307 777 
631 4 12 48 108 
632 14 40 48 
633 4 12 20 48 
634 0 4 40 41 107 108 
635 0 4 12 20 48 108 171 482 
636 0 12 13 40 107 
637 0 4 12 13 22 35 41 56 244 
638 4 12 
639 0 4 14 35 40 48 
640 7 48 107 108 381 
641 4 12 171 173 
642 4 12 24 35 40 48 
643 4 12 48 
644 4 20 99 101 103 108 146 
645 0 4 48 
646 48 66 
647 10 43 48 99 
648 12 65 107 
649 0 4 35 48 
650 0 4 12 19 
651 12 35 
652 4 12 41 44 
653 4 19 48 
654 4 12 107 
655 4 12 20 56 307 
656 4 7 35 38 56 108 
657 4 12 
658 4 12 113 229 
659 0 14 40 107 
660 12 24 40 45 
661 4 12 13 41 62 
662 6 10 13 72 107 269 
663 4 12 35 43 92 
664 4 12 48 107 
665 12 40 
666 0 4 48 56 107 
667 0 4 40 56 75 
668 0 4 7 10 12 56 300 
669 0 4 
670 0 12 35 40 48 
671 4 14 935 
672 45 103 
673 0 4 12 35 
674 0 6 12 20 35 
675 4 41 82 
676 12 40 48 
677 0 4 12 
678 0 4 12 14 20 48 107 
679 4 65 72 
680 0 4 35 38 48 108 
681 4 10 12 48 107 
683 0 4 7 333 
684 45 107 
685 4 12 
686 44 48 67 263 
687 4 14 40 48 
688 4 7 10 
689 4 12 
690 0 12 35 45 56 192 
691 12 35 40 
692 35 48 75 107 
693 12 41 45 171 
694 0 4 12 35 45 
695 12 56 72 
696 4 6 35 107 108 
697 4 7 12 48 113 
698 4 12 35 
699 4 40 45 107 
700 0 4 13 14 
701 7 48 
702 13 45 56 267 
703 4 12 35 107 
704 0 12 
705 4 12 52 70 
706 4 13 
707 0 4 20 56 
708 13 35 56 263 
709 0 12 56 
710 0 4 35 243 
711 4 7 107 
712 4 7 12 14 70 107 
713 4 35 42 
714 4 40 
715 4 12 40 79 
716 0 4 12 
717 4 48 229 
718 0 4 12 41 48 
719 4 12 35 38 
720 14 41 224 
721 4 12 45 108 
722 0 35 99 125 
723 0 4 48 
724 4 12 13 
725 4 65 
726 0 7 12 48 126 
727 35 85 91 113 212 308 
728 4 48 108 
729 4 12 35 101 
730 12 56 150 
731 4 7 56 92 1296 
732 4 21 43 108 269 
733 0 4 22 41 44 
734 48 65 
735 35 
736 0 4 10 12 13 56 126 
737 4 11 35 
738 4 108 373 
739 12 
740 4 8 40 41 48 72 
741 4 12 48 
742 4 8 65 173 
743 0 2 4 12 35 
744 12 19 40 41 243 
745 13 
746 4 35 40 48 78 
747 4 12 40 48 
748 4 48 55 
749 0 7 40 
750 35 56 108 
751 4 12 256 
752 19 70 113 
753 4 10 40 43 48 108 
754 0 4 41 45 
755 12 14 19 35 52 263 
756 4 7 12 41 56 
757 4 12 20 21 
758 4 10 45 
759 4 7 40 224 
760 4 67 243 
761 4 13 48 56 
762 4 12 14 
763 4 35 40 48 87 
764 0 4 12 82 99 107 
765 4 22 
766 4 48 519 
767 4 12 14 
768 35 48 99 101 
769 4 99 107 
770 7 12 20 41 146 
771 40 45 
772 4 13 40 
773 0 45 75 113 
774 4 12 14 35 48 
775 7 35 48 99 113 
776 12 35 40 41 
777 4 7 48 107 
778 0 4 35 
779 4 12 35 
780 4 41 
781 0 4 12 14 35 99 219 269 
782 4 12 35 45 
783 0 12 20 35 41 222 337 
784 56 70 365 
785 0 4 12 48 
786 4 12 22 35 
787 4 12 35 70 
788 2 4 11 
789 12 35 40 48 95 354 
790 4 12 107 126 
791 4 35 40 48 
792 0 4 10 12 56 107 201 
793 4 35 203 
794 4 13 35 48 226 
795 12 85 
796 4 108 
797 4 
798 6 75 243 
799 0 4 12 45 53 56 
800 0 4 12 48 366 605 
801 13 20 35 40 44 
802 12 108 307 
803 12 22 45 48 113 
804 0 4 35 40 171 
805 4 7 12 95 
806 0 4 12 41 45 
807 0 4 35 41 45 121 171 
808 0 4 35 48 
809 0 12 
810 4 99 
811 4 12 48 72 
812 4 12 40 41 48 
813 48 108 
814 4 10 14 55 113 
815 4 14 65 70 
816 4 12 
817 4 13 65 
818 4 7 12 35 244 
819 4 171 
820 4 13 
821 0 12 
822 4 20 41 72 107 171 
823 4 229 
824 4 7 12 14 40 48 56 108 
825 7 12 21 40 41 
826 4 12 13 
827 4 48 224 
829 4 12 35 40 41 48 
830 12 13 212 
832 4 13 24 35 45 56 
833 7 12 87 
834 35 40 45 72 
835 0 4 35 45 
836 4 7 
837 0 4 12 35 307 
838 4 12 
839 4 
840 4 48 
841 0 4 6 40 70 87 108 
842 4 12 14 
843 4 12 35 48 70 85 
844 14 24 35 41 354 
845 4 12 13 
846 4 12 56 
847 41 48 
848 4 35 45 48 107 108 
849 7 10 294 
850 0 6 10 
851 12 14 35 56 107 
852 0 113 
853 4 12 56 224 
854 0 4 48 
855 4 7 12 56 
856 4 35 65 176 
857 0 12 13 48 
858 0 12 40 55 56 107 
859 0 4 35 48 
860 45 
861 4 12 
862 4 7 38 108 280 
863 4 31 35 38 107 
864 0 7 48 107 118 
865 0 4 35 40 70 246 598 
866 4 6 12 
867 4 12 13 48 243 
868 0 4 35 40 41 99 269 
869 0 6 12 40 43 
870 4 12 41 
871 4 12 41 
872 0 13 
873 4 6 12 70 99 
874 65 
875 13 70 
876 45 53 
877 4 12 
878 35 
879 4 48 108 125 
880 4 12 35 40 48 56 
881 4 12 40 
882 41 48 
883 41 45 107 
884 4 6 7 10 12 35 48 
885 4 48 67 113 
886 0 4 12 
887 4 10 13 107 310 
888 7 11 12 14 
889 4 12 35 40 48 
890 0 14 35 45 
891 4 12 48 
892 4 12 35 45 82 
893 0 12 53 171 
894 4 12 
895 0 12 48 
896 4 40 113 
897 4 12 70 
898 4 12 
899 10 35 40 41 53 56 99 
900 41 
901 4 48 
902 4 42 85 
903 10 35 
904 0 4 12 19 121 308 
905 4 12 41 48 126 
906 4 6 
907 0 40 41 107 
908 0 4 12 75 
909 4 72 
910 2 4 43 48 62 77 107 
911 4 12 45 103 
912 4 7 35 75 
913 4 12 19 
914 4 48 
915 0 14 107 269 
916 4 11 12 22 113 307 
917 0 4 12 45 48 113 
918 4 13 40 44 56 
919 0 4 40 48 173 
920 4 12 40 341 
921 2 4 12 22 40 65 
922 4 12 48 65 224 
923 45 
924 4 48 171 
925 4 7 35 243 
926 67 70 75 243 
927 10 12 
928 40 56 224 
929 0 4 12 18 35 38 48 
930 4 
931 4 12 35 40 48 85 
932 4 35 41 48 107 
933 4 12 56 
934 4 12 40 56 
935 4 12 35 107 108 
936 0 4 7 12 75 95 
937 4 12 48 
938 4 12 35 56 107 
939 0 4 12 48 107 
940 12 45 48 
941 4 67 
942 28 55 531 
943 4 35 41 108 
944 4 12 35 106 107 207 
945 4 7 12 35 
946 4 13 48 
947 4 35 56 75 
948 0 4 13 19 48 56 
949 4 12 35 40 48 
950 0 4 
951 0 12 13 35 48 85 
952 4 6 12 107 
953 12 201 
954 0 12 45 48 70 113 
955 4 12 40 45 333 
956 4 12 35 
957 12 75 
958 4 12 107 
959 0 6 35 45 108 244 
960 4 12 35 48 
961 0 4 12 48 108 
962 4 121 
963 0 4 7 65 95 
964 4 12 35 48 99 108 
965 4 12 45 65 99 103 
966 4 12 35 41 48 
967 0 4 12 40 48 
968 4 67 113 137 
969 0 12 40 107 113 
970 4 12 35 
971 4 229 
972 12 35 48 49 56 70 
973 4 14 35 
974 4 12 70 75 
975 12 41 65 70 108 
976 4 35 65 126 
977 0 12 
978 0 12 19 24 40 41 108 243 
979 12 48 
980 4 40 41 107 
981 2 4 10 45 48 87 
982 41 48 
983 4 10 12 201 
984 4 41 48 
985 0 4 14 
986 4 7 13 35 106 
987 4 6 14 41 108 
988 4 14 41 48 126 
989 14 40 
990 4 7 12 56 
991 0 12 14 35 48 412 
992 7 12 
993 4 12 35 40 107 354 
994 12 171 278 
995 4 12 108 
996 4 40 41 70 
997 4 48 91 
998 4 12 35 43 171 482 
999 4 7 14 99 
