4 4 6 12 45 107 
5 0 4 12 14 35 48 70 171 229 
15 4 14 40 67 72 
20 0 14 35 40 99 519 
24 4 13 14 40 48 73 107 
25 4 12 40 41 70 72 99 126 
33 4 12 40 45 56 
35 10 12 13 45 65 
40 4 12 35 65 91 229 
42 4 12 35 40 108 267 
63 4 10 12 35 108 173 
71 6 13 41 244 
110 4 12 13 14 42 48 56 
125 0 2 4 12 14 40 107 108 113 126 
143 4 12 40 72 107 108 333 381 
156 4 11 12 40 42 56 107 108 118 
159 4 12 41 55 171 333 
160 0 12 13 121 243 
176 4 13 14 40 41 70 
181 13 40 41 107 243 
199 4 21 35 48 108 310 
203 13 40 
216 4 36 40 45 48 108 
218 12 30 35 
223 0 4 7 13 38 45 75 107 
246 0 11 48 75 146 229 263 
255 4 107 
268 0 35 42 107 121 
274 4 14 48 75 110 113 
310 0 4 12 14 48 
324 4 12 13 14 108 229 
326 0 4 12 35 48 62 
327 0 4 13 14 35 48 72 307 
340 4 12 13 20 40 48 
344 4 7 45 55 67 70 113 125 
346 0 4 12 35 
347 4 14 43 75 263 
356 12 48 107 126 224 
358 4 14 35 67 107 171 
362 0 4 14 56 65 91 207 243 563 
400 14 24 85 431 
411 0 4 12 13 43 44 45 65 113 
421 0 4 15 519 
432 0 4 12 56 65 
442 4 35 48 107 243 1089 
457 0 4 35 40 56 224 
469 4 14 45 68 70 99 108 
486 4 56 107 
488 0 4 12 35 40 99 126 
490 0 4 12 35 41 56 75 
498 4 12 14 40 61 107 108 
514 0 4 12 14 378 
517 35 40 43 56 417 
524 7 12 35 40 48 95 224 
533 4 45 48 107 
537 4 14 45 78 108 
555 0 4 6 14 22 35 48 
558 0 4 6 12 35 41 244 269 460 
559 4 10 14 48 
571 4 12 35 45 48 56 
610 12 13 14 45 107 108 
615 0 4 12 40 107 108 
617 4 7 10 12 35 40 108 243 
631 4 7 12 13 14 48 108 
647 48 119 
655 4 12 56 192 
659 0 11 14 40 107 
671 4 70 
702 2 13 45 56 67 
706 2 4 13 48 108 
710 0 4 7 10 13 35 356 
713 4 35 48 
725 4 12 65 
761 4 6 13 18 48 56 67 
763 4 35 40 48 
764 0 4 12 45 99 107 108 
777 4 40 48 107 
783 0 12 20 35 41 48 
814 4 10 11 55 
831 6 14 
834 35 40 72 
835 0 4 35 38 45 103 
838 0 4 12 44 
889 4 12 13 14 22 35 40 48 
892 4 12 35 40 45 48 108 294 
897 4 12 20 56 70 
908 0 4 8 11 12 19 243 
909 4 
930 4 35 45 
937 4 12 38 
938 0 4 12 35 48 56 91 107 
942 0 28 40 48 55 107 244 
943 4 13 35 108 
945 4 7 12 35 48 52 65 126 310 
956 4 12 13 35 56 
975 12 108 
976 4 6 19 35 55 75 
981 4 10 45 48 165 
987 4 41 45 108 
998 4 12 35 43 412 
