0 771 
1 853 
12 82 147 572 
22 904 
25 447 
26 865 
27 193 
29 254 
37 77 
43 282 780 
45 342 740 
54 291 
60 462 
68 209 255 533 951 
72 303 
84 158 395 
89 180 
106 207 484 888 905 
122 141 
128 306 755 836 
131 606 
133 65 772 
140 163 588 
144 882 884 
169 393 580 
170 275 
184 350 914 988 996 
185 500 
186 473 995 
195 375 
208 114 
212 635 
213 36 
220 118 
232 149 253 
239 94 151 326 335 440 446 586 598 859 894 
242 522 
245 904 
256 495 
259 654 
261 251 
270 495 998 
272 895 
279 539 
285 648 
286 341 887 
290 223 
300 273 646 909 
308 92 
312 335 
317 145 
318 743 
321 53 146 
329 481 883 
335 2 
341 617 
343 35 
344 68 
351 771 
352 963 
361 519 
370 842 
388 606 
396 372 
398 245 468 
404 52 
420 196 979 
423 40 
424 654 
427 305 
431 268 600 992 
439 105 746 
443 126 
447 624 
448 864 
456 938 
457 872 
459 312 439 
463 49 360 
468 185 
476 50 
477 55 537 689 695 
496 855 
497 98 109 208 244 309 313 
499 192 492 722 
515 218 
529 222 
530 586 
538 233 238 491 597 
548 152 
550 61 
556 649 
557 512 
565 864 
572 319 771 
573 811 
578 1 
585 92 746 
592 547 
600 628 712 795 
603 572 864 
605 18 
608 875 
613 825 
614 458 
632 668 
637 37 
642 35 
646 898 
652 686 
659 184 
671 234 
674 785 
688 872 
703 842 
723 126 832 
724 572 
726 245 969 
731 358 494 
734 678 
739 341 
743 635 
744 104 997 
745 879 
750 98 746 
751 628 
755 404 
756 208 
760 670 
765 59 137 435 587 719 
766 580 
772 21 234 
773 505 
774 773 
786 26 649 
788 473 
792 495 
793 158 
795 588 
803 141 770 
804 175 
812 387 
814 751 969 
820 13 210 
822 112 441 
828 617 
830 477 
844 592 613 724 
863 790 
872 49 612 804 870 
875 157 
877 267 
884 338 
888 497 
891 430 
903 898 
908 934 
909 686 
910 562 
915 596 
921 612 
927 546 
928 411 707 
933 971 
942 380 517 
943 341 655 719 926 
947 85 
949 149 
952 950 
958 87 969 
959 401 445 633 
988 393 
989 186 
994 995 
996 95 212 303 631 
1005 687 949 
1015 69 
1023 481 
1027 238 
1028 489 
1034 953 
1036 34 
1040 884 
1053 107 995 
1055 481 
1072 195 
1074 438 500 
1079 236 655 883 903 
1090 665 813 
1098 92 
1101 169 551 755 785 
1104 53 
1110 471 
1111 894 
1120 484 
1133 234 
1134 57 
1138 811 884 
1140 133 613 859 872 
1142 750 795 
1147 120 794 
1148 635 
1157 957 
1159 450 582 
1176 790 
1183 375 
1184 37 397 
1190 52 149 163 583 
1195 807 
1208 426 743 887 
1209 369 697 
1212 90 
1220 374 
1226 602 
1227 688 
1237 330 515 
1238 299 632 
1241 11 
1245 311 
1248 885 
1250 741 
1262 170 807 944 
1268 611 
1274 101 
1278 786 
1279 481 
1280 393 
1281 67 502 
1282 847 
1284 649 
1288 97 160 262 
1297 748 
1299 36 
1305 328 
1313 876 
1317 152 
1319 483 574 
1321 225 298 
1323 120 
1338 175 
1353 630 812 909 
1354 175 
1355 114 899 
1363 372 
1365 341 
1370 319 
1381 120 
1403 6 408 
1412 172 
1418 783 
1419 898 
1426 193 598 
1434 322 
1439 319 
1443 463 
1446 606 
1449 13 
1452 635 
1455 879 
1457 785 
1475 506 
1483 593 
1492 993 
1495 149 736 
1497 317 
1511 53 60 107 490 492 512 677 770 788 868 
1515 658 
1520 73 87 260 368 836 902 942 
1525 698 705 
1543 153 692 918 925 945 
1549 580 
1560 596 
1565 664 
1569 468 
1574 372 
1577 47 96 106 236 361 393 454 898 903 938 
1582 399 
1588 518 
1595 773 
1604 20 497 879 
1606 720 
1610 562 707 722 
1612 329 
1615 896 
1616 686 
1619 473 978 
1630 122 
1647 691 
1661 635 
1663 14 26 
1665 423 435 764 
1670 656 
1674 157 
1676 606 
1678 157 323 
1679 487 
1680 728 
1693 506 
1702 137 374 903 
1703 33 93 192 279 376 451 561 564 700 878 
1707 126 842 
1721 710 
1734 861 
1736 120 
1760 525 706 801 
1767 39 
1769 800 
1773 133 772 
1774 309 933 
1785 34 365 
1799 11 614 
1805 943 974 
1838 201 
1845 394 
1849 53 
1852 328 864 
1854 55 
1864 55 
1870 104 
1874 209 
1879 141 
1881 546 
1882 129 491 
1886 313 
1889 432 
1895 689 
1896 394 
1900 178 
1912 49 
1921 228 
1933 874 
1941 284 
1956 158 163 183 619 
1959 340 
1961 214 309 820 
1962 482 
1969 108 391 396 857 
1978 794 929 
1983 266 547 
1987 751 887 968 
1992 158 
1999 491 
2005 11 350 828 
2011 558 
2013 995 
2025 441 
2042 205 
2045 658 
2046 93 
2049 273 855 
2062 771 
2065 183 498 996 
2068 507 
2069 519 823 
2072 772 
2074 911 
2083 260 
2100 812 
2101 790 
2102 575 
2106 85 749 
2122 885 
2125 430 
2127 168 
2128 637 
2129 547 576 
2130 141 
2131 132 
2142 319 507 
2150 175 430 660 
2152 611 
2157 960 
2160 248 
2165 104 
2181 111 389 
2183 53 
2186 971 
2192 83 237 267 809 
2197 306 435 
2198 734 
2207 670 
2212 19 
2213 435 
2218 447 
2236 993 
2241 292 431 715 
2245 544 
2252 473 
2277 291 
2280 5 167 174 215 313 506 643 801 814 837 
2282 885 
2301 858 
2302 849 
2307 955 
2310 229 
2322 411 472 473 614 
2333 186 716 
2335 864 
2336 41 765 
2341 296 574 
2342 264 887 
2347 149 
2355 36 
2356 152 
2357 600 
2358 149 291 993 
2367 505 
2368 796 
2375 617 
2376 395 
2382 796 
2385 460 967 
2387 685 
2388 443 
2391 193 
2392 120 281 602 687 
2393 2 
2402 269 
2408 473 
2409 876 
2414 690 
2421 363 481 
2423 482 
2427 603 
2431 234 
2450 120 
2453 118 
2468 618 
2469 702 
2471 135 582 583 
2474 612 
2477 319 
2483 292 586 
2490 293 
2501 857 
2510 963 
2521 123 
2528 430 
2540 394 
2545 55 
2549 254 
2556 292 813 
2562 59 
2591 10 
2593 764 
2596 24 
2601 867 
2618 149 
2621 19 
2631 635 670 
2645 909 
2646 149 
2648 665 891 
2651 177 372 468 483 702 853 969 
2662 170 
2685 109 
2691 26 70 103 206 303 319 342 428 503 939 
2699 342 423 
2712 893 
2716 944 
2723 53 152 168 
2729 974 
2733 264 
2744 634 
2745 741 
2749 120 
2751 771 
2770 735 
2773 601 
2785 491 
2789 702 
2793 746 
2798 323 
2800 575 
2803 631 
2805 168 
2808 526 
2810 928 
2815 813 
2829 551 
2832 95 
2838 312 728 
2840 368 408 
2845 648 
2846 468 706 
2875 847 
2880 481 
2894 811 
2895 404 
2909 193 
2913 291 933 
2916 115 
2922 118 224 374 709 
2926 10 
2928 126 258 503 
2929 394 
2933 124 
2934 122 
2939 505 739 
2950 124 971 
2953 55 150 
2956 919 
2967 29 
2970 394 
2975 183 966 
2992 753 
2993 264 
3001 771 
3004 218 
3014 19 468 769 
3021 635 
3022 461 468 722 
3023 541 
3031 478 
3051 659 
3056 108 260 497 
3084 468 
3092 173 179 322 798 
3104 85 
3113 278 
3118 551 
3119 189 259 
3127 186 
3132 978 
3134 649 
3138 868 
3140 945 
3142 114 
3146 232 
3147 480 981 
3158 591 
3163 897 
3164 165 275 550 
3171 113 
3184 444 
3186 546 630 802 936 
3188 635 
3192 240 
3197 149 
3198 234 
3204 140 292 748 
3222 212 
3223 482 773 
3228 918 
3230 394 
3238 500 
3242 910 
3251 438 674 934 
3253 295 
3264 27 410 684 799 981 
3265 67 386 871 
3266 771 
3270 411 
3271 988 
3274 180 
3279 126 
3280 324 353 560 773 
3281 276 458 553 710 903 
3284 601 
3285 649 
3299 68 
3305 901 
3318 395 
3332 879 
3336 50 291 
3342 870 
3346 372 
3355 158 
3358 134 
3369 211 750 
3383 599 
3387 195 
3393 617 
3396 732 
3401 176 
3407 146 
3408 109 
3419 741 
3430 790 
3449 786 
3451 876 
3454 126 
3460 132 
3466 319 543 722 875 
3469 106 
3475 38 736 
3484 52 65 311 
3493 481 577 966 
3495 248 475 
3497 507 
3500 575 
3504 438 
3510 234 478 671 866 
3512 211 
3524 870 
3540 169 538 
3541 169 
3546 864 
3555 748 
3557 303 350 550 
3559 995 
3568 635 
3578 245 
3581 476 
3590 780 
3594 126 
3603 761 834 870 
3643 612 
3644 0 438 
3654 13 
3674 250 963 
3675 907 
3701 420 
3709 131 302 780 
3712 473 
3714 36 218 
3718 541 
3722 910 
3724 934 
3725 209 239 
3727 279 752 
3728 319 
3733 603 
3735 101 714 857 861 995 
3750 85 772 
3753 503 612 
3762 234 
3788 140 453 
3790 435 
3792 251 
3799 240 
3818 971 
3829 491 
3844 982 
3846 29 
3847 857 
3849 528 
3853 151 
3858 389 
3860 995 
3875 380 
3886 345 388 
3894 254 
3901 90 
3910 491 
3914 772 
3922 941 
3926 846 
3934 661 
3941 0 
3945 762 
3954 482 
3955 149 374 
3957 407 
3961 430 934 
3962 79 81 
3967 164 
3979 897 
3984 34 69 130 907 
3992 797 
4009 727 
4012 372 
4013 126 
4015 406 596 
4018 180 
4046 313 
4051 317 
4054 411 
4071 938 
4072 523 912 
4079 476 
4086 625 
4087 146 
4096 861 
4098 13 152 948 
4108 702 
4109 106 
4123 169 
4134 61 
4141 53 
4146 772 
4150 794 
4174 82 
4175 68 
4177 583 
4179 85 809 818 
4188 771 
4190 51 502 
4207 234 
4215 316 725 
4221 583 
4224 677 927 
4232 152 178 251 
4236 992 
4238 565 
4251 438 
4258 152 
4262 423 
4276 13 134 
4287 303 
4288 399 
4290 53 120 
4298 512 
4302 894 
4305 183 236 255 840 
4309 53 
4313 397 
4324 251 543 
4333 635 
4337 712 983 
4342 518 
4348 13 512 
4351 218 
4353 790 
4360 979 
4365 130 149 
4371 255 473 
4387 690 
4394 214 367 615 725 937 
4397 995 
4410 14 574 657 856 
4414 146 671 
4415 79 
4416 551 
4417 252 833 
4424 93 
4425 684 828 
4430 92 
4434 555 
4447 635 
4457 959 
4467 617 
4468 272 856 936 
4470 5 635 
4478 564 
4484 732 
4487 482 
4497 635 
4498 763 858 
4500 85 
4506 473 
4507 290 
4512 251 447 
4518 477 
4525 495 
4537 8 142 780 
4538 124 
4556 114 
4558 106 
4562 863 
4578 389 
4589 280 416 853 
4597 677 
4604 939 
4605 198 
4610 87 486 
4611 55 
4613 34 45 571 634 641 
4617 53 560 664 
4619 234 392 743 
4624 183 427 449 
4639 635 
4643 46 372 757 
4647 586 
4661 217 
4670 995 
4674 193 
4690 591 
4697 476 
4703 715 
4708 169 884 
4709 456 847 
4710 22 
4714 877 
4717 77 
4720 152 
4721 93 
4723 353 
4728 68 
4740 343 
4744 73 
4745 948 
4752 596 
4765 297 
4766 995 
4768 405 
4771 870 
4778 394 
4783 2 
4786 18 355 400 557 597 684 738 788 804 898 
4789 250 411 
4791 248 
4792 35 
4793 716 
4798 691 
4803 562 
4807 34 
4812 0 855 
4820 139 156 
4823 772 
4825 811 901 
4828 656 
4831 11 
4836 740 
4837 956 
4841 756 
4844 31 
4851 765 
4852 678 992 
4863 305 
4872 724 
4876 121 635 
4890 273 
4892 331 
4894 395 
4899 649 
4907 734 
4914 896 
4917 596 985 
4931 169 435 
4938 963 
4939 649 
4942 136 290 314 493 518 568 715 755 772 
4958 944 
4968 95 153 374 
4972 435 
4973 785 
4975 943 
4978 349 398 
4994 481 
4998 92 
5008 482 751 782 817 
5011 319 751 
5012 126 
5019 659 
5022 234 
5027 858 
5037 766 780 
5038 229 
5041 894 
5045 855 
5049 366 
5051 118 
5057 544 
5058 655 
5061 193 
5063 11 
5070 693 
5074 120 
5075 297 483 807 988 
5078 186 
5082 279 
5084 772 
5093 245 
5112 427 
5120 291 473 
5124 20 228 346 
5125 317 
5128 19 
5130 562 
5131 751 
5132 522 
5133 488 
5134 307 557 961 
5135 995 
5140 759 
5142 169 
5150 611 
5157 186 
5159 751 
5162 834 
5164 118 
5168 696 
5181 539 
5183 45 64 
5185 152 
5195 346 527 
5217 323 
5219 80 
5224 785 
5225 388 
5226 574 879 
5228 846 
5229 35 
5238 47 289 
5244 224 475 
5245 1 291 988 
5249 365 
5267 771 
5274 667 
5277 885 
5278 642 
5285 27 
5300 319 328 944 
5301 575 
5302 152 
5304 149 842 
5308 692 
5312 491 
5315 34 109 
5319 123 801 
5320 573 
5342 284 
5343 506 
5346 236 
5348 473 
5354 36 395 
5362 19 
5368 993 
5370 617 
5395 870 
5396 842 
5399 93 96 
